  1 400 51 2.69000000E+01 6.25000000E+05
  1 400 52 2.68600000E+01 6.25000000E+05
  1 400 53 2.68300000E+01 6.25000000E+05
  1 400 54 2.67900000E+01 6.25000000E+05
  1 400 55 2.67600000E+01 6.25000000E+05
  1 400 56 2.67200000E+01 6.25000000E+05
  1 400 57 2.66900000E+01 6.25000000E+05
  1 400 58 2.66500000E+01 6.25000000E+05
  1 400 59 2.66100000E+01 6.25000000E+05
  1 400 60 2.65800000E+01 6.25000000E+05
  1 400 61 2.65400000E+01 6.25000000E+05
  1 400 62 2.65100000E+01 6.25000000E+05
  1 400 63 2.64700000E+01 6.25000000E+05
  1 400 64 2.64400000E+01 6.25000000E+05
  1 400 65 2.64000000E+01 6.25000000E+05
  1 400 66 2.63700000E+01 6.25000000E+05
  1 400 67 2.63400000E+01 6.25000000E+05
  1 400 68 2.63100000E+01 6.25000000E+05
  1 400 69 2.62800000E+01 6.25000000E+05
  1 400 70 2.62500000E+01 6.25000000E+05
  1 400 71 2.62200000E+01 6.25000000E+05
  1 400 72 2.61900000E+01 6.25000000E+05
  1 400 73 2.61600000E+01 6.25000000E+05
  1 400 74 2.61300000E+01 6.25000000E+05
  1 400 75 2.61000000E+01 6.25000000E+05
  1 400 76 2.60500000E+01 6.25000000E+05
  1 400 77 2.60000000E+01 6.25000000E+05
  1 400 78 2.59500000E+01 6.25000000E+05
  1 400 79 2.59000000E+01 6.25000000E+05
  1 400 80 2.58500000E+01 6.25000000E+05
  1 400 81 2.58000000E+01 6.25000000E+05
  1 400 82 2.57500000E+01 6.25000000E+05
  1 400 83 2.57000000E+01 6.25000000E+05
  1 400 84 2.56500000E+01 6.25000000E+05
  1 400 85 2.56000000E+01 6.25000000E+05
  1 400 86 2.55500000E+01 6.25000000E+05
  1 400 87 2.55000000E+01 6.25000000E+05
  1 400 88 2.54500000E+01 6.25000000E+05
  1 400 89 2.54000000E+01 6.25000000E+05
  1 400 90 2.53500000E+01 6.25000000E+05
  1 400 91 2.53000000E+01 6.25000000E+05
  1 400 92 2.52500000E+01 6.25000000E+05
  1 400 93 2.52000000E+01 6.25000000E+05
  1 400 94 2.51500000E+01 6.25000000E+05
  1 400 95 2.51000000E+01 6.25000000E+05
  1 400 96 2.49900000E+01 6.25000000E+05
  1 400 97 2.48800000E+01 6.25000000E+05
  1 400 98 2.47700000E+01 6.25000000E+05
  1 400 99 2.46600000E+01 6.25000000E+05
  1 400 100 2.45500000E+01 6.25000000E+05
  1 400 101 2.44400000E+01 6.25000000E+05
  1 400 102 2.43300000E+01 6.25000000E+05
  1 400 103 2.42200000E+01 6.25000000E+05
  1 400 104 2.41100000E+01 6.25000000E+05
  1 400 105 2.40000000E+01 6.25000000E+05
  1 400 106 2.39000000E+01 6.25000000E+05
  1 400 107 2.38000000E+01 6.25000000E+05
  1 400 108 2.37000000E+01 6.25000000E+05
  1 400 109 2.36000000E+01 6.25000000E+05
  1 400 110 2.35000000E+01 6.25000000E+05
  1 400 111 2.34000000E+01 6.25000000E+05
  1 400 112 2.33000000E+01 6.25000000E+05
  1 400 113 2.32000000E+01 6.25000000E+05
  1 400 114 2.31000000E+01 6.25000000E+05
  1 400 115 2.30000000E+01 6.25000000E+05
  1 400 116 2.29500000E+01 6.25000000E+05
  1 400 117 2.29000000E+01 6.25000000E+05
  1 400 118 2.28500000E+01 6.25000000E+05
  1 400 119 2.28000000E+01 6.25000000E+05
  1 400 120 2.27500000E+01 6.25000000E+05
  1 400 121 2.27000000E+01 6.25000000E+05
  1 400 122 2.26500000E+01 6.25000000E+05
  1 400 123 2.26000000E+01 6.25000000E+05
  1 400 124 2.25500000E+01 6.25000000E+05
  1 400 125 2.25000000E+01 6.25000000E+05
  1 400 126 2.24500000E+01 6.25000000E+05
  1 400 127 2.24000000E+01 6.25000000E+05
  1 400 128 2.23500000E+01 6.25000000E+05
  1 400 129 2.23000000E+01 6.25000000E+05
  1 400 130 2.22500000E+01 6.25000000E+05
  1 400 131 2.22000000E+01 6.25000000E+05
  1 400 132 2.21500000E+01 6.25000000E+05
  1 400 133 2.21000000E+01 6.25000000E+05
  1 400 134 2.20500000E+01 6.25000000E+05
  1 400 135 2.20000000E+01 6.25000000E+05
  1 400 136 2.19300000E+01 6.25000000E+05
  1 400 137 2.18700000E+01 6.25000000E+05
  1 400 138 2.18000000E+01 6.25000000E+05
  1 400 139 2.17300000E+01 6.25000000E+05
  1 400 140 2.16700000E+01 6.25000000E+05
  1 400 141 2.16000000E+01 6.25000000E+05
  1 400 142 2.15300000E+01 6.25000000E+05
  1 400 143 2.14700000E+01 6.25000000E+05
  1 400 144 2.14000000E+01 6.25000000E+05
  1 400 146 2.14000000E+01 6.25000000E+05
  1 400 147 2.14000000E+01 6.25000000E+05
  1 400 148 2.14000000E+01 6.25000000E+05
  1 400 149 2.14000000E+01 6.25000000E+05
  1 400 150 2.14000000E+01 6.25000000E+05
