      25.00000000      25.00000000      25.00000000      25.00000000      25.00000000      25.00000000      25.00000000      25.00000000      25.00000000      25.00000000      25.00000000      25.00000000      25.00000000      25.00000000      25.00000000      25.00000000      25.00000000      25.00000000      25.00000000      25.00000000
      25.00000000      25.00000000      25.00000000      25.00000000      25.00000000      25.00000000      25.00000000      25.00000000      25.00000000      25.00000000      25.00000000      25.00000000      25.00000000      25.00000000      25.00000000      25.00000000      25.00000000      25.00000000      25.00000000      25.00000000
      25.00000000      25.00000000      25.00000000      25.00000000      25.00000000      25.00000000      25.00000000      25.00000000      25.00000000      25.00000000      25.00000000      25.00000000      25.00000000      25.00000000      25.00000000      25.00000000      25.00000000      25.00000000      25.00000000      25.00000000
      25.00000000      25.00000000      25.00000000      25.00000000      25.00000000      25.00000000      25.00000000      25.00000000      25.00000000      25.00000000      25.00000000      25.00000000      25.00000000      25.00000000      25.00000000      25.00000000      25.00000000      25.00000000      25.00000000      25.00000000
      25.00000000      25.00000000      25.00000000      25.00000000      25.00000000      25.00000000      25.00000000      25.00000000      25.00000000      25.00000000      25.00000000      25.00000000      25.00000000      25.00000000      25.00000000      25.00000000      25.00000000      25.00000000      25.00000000      25.00000000
      25.00000000      25.00000000      25.00000000      25.00000000      25.00000000      25.00000000      25.00000000      25.00000000      25.00000000      25.00000000      25.00000000      25.00000000      25.00000000      25.00000000      25.00000000      25.00000000      25.00000000      25.00000000      25.00000000      25.00000000
      25.00000000      25.00000000      25.00000000      25.00000000      25.00000000      25.00000000      25.00000000      25.00000000      25.00000000      25.00000000      25.00000000      25.00000000      25.00000000      25.00000000      25.00000000      25.00000000      25.00000000      25.00000000      25.00000000      25.00000000
      25.00000000      25.00000000      25.00000000      25.00000000      25.00000000      25.00000000      25.00000000      25.00000000      25.00000000      25.00000000      25.00000000      25.00000000      25.00000000      25.00000000      25.00000000      25.00000000      25.00000000      25.00000000      25.00000000      25.00000000
      25.00000000      25.00000000      25.00000000      25.00000000      25.00000000      25.00000000      25.00000000      25.00000000      25.00000000      25.00000000      25.00000000      25.00000000      25.00000000      25.00000000      25.00000000      25.00000000      25.00000000      25.00000000      25.00000000      25.00000000
      25.00000000      25.00000000      25.00000000      25.00000000      25.00000000      25.00000000      25.00000000      25.00000000      25.00000000      25.00000000      25.00000000      25.00000000      25.00000000      25.00000000      25.00000000      25.00000000      25.00000000      25.00000000      25.00000000      25.00000000
