  1 1 145 3.01000000E+01 4.42800000E+01 3.00000000E+01
  1 2 145 3.00800000E+01 4.42800000E+01 2.99800000E+01
  1 3 145 3.00700000E+01 4.42800000E+01 2.99600000E+01
  1 4 145 3.00500000E+01 4.42800000E+01 2.99500000E+01
  1 5 145 3.00300000E+01 4.42800000E+01 2.99300000E+01
  1 6 145 3.00200000E+01 4.42800000E+01 2.99100000E+01
  1 7 145 3.00000000E+01 4.42800000E+01 2.98900000E+01
  1 8 145 2.99900000E+01 4.42800000E+01 2.98800000E+01
  1 9 145 2.99700000E+01 4.42800000E+01 2.98600000E+01
  1 10 145 2.99500000E+01 4.42800000E+01 2.98400000E+01
  1 11 145 2.99400000E+01 4.42800000E+01 2.98200000E+01
  1 12 145 2.99200000E+01 4.42800000E+01 2.98000000E+01
  1 13 145 2.99000000E+01 4.42800000E+01 2.97900000E+01
  1 14 145 2.98900000E+01 4.42800000E+01 2.97700000E+01
  1 15 145 2.98700000E+01 4.42800000E+01 2.97500000E+01
  1 16 145 2.98500000E+01 4.42800000E+01 2.97300000E+01
  1 17 145 2.98300000E+01 4.42800000E+01 2.97000000E+01
  1 18 145 2.98000000E+01 4.42800000E+01 2.96800000E+01
  1 19 145 2.97800000E+01 4.42800000E+01 2.96500000E+01
  1 20 145 2.97600000E+01 4.42800000E+01 2.96300000E+01
  1 21 145 2.97400000E+01 4.42800000E+01 2.96000000E+01
  1 22 145 2.97200000E+01 4.42800000E+01 2.95800000E+01
  1 23 145 2.96900000E+01 4.42800000E+01 2.95500000E+01
  1 24 145 2.96700000E+01 4.42800000E+01 2.95300000E+01
  1 25 145 2.96500000E+01 4.42800000E+01 2.95000000E+01
  1 26 145 2.96300000E+01 4.42800000E+01 2.94800000E+01
  1 27 145 2.96000000E+01 4.42800000E+01 2.94500000E+01
  1 28 145 2.95800000E+01 4.42800000E+01 2.94300000E+01
  1 29 145 2.95600000E+01 4.42800000E+01 2.94000000E+01
  1 30 145 2.95400000E+01 4.42800000E+01 2.93800000E+01
  1 31 145 2.95100000E+01 4.42800000E+01 2.93500000E+01
  1 32 145 2.94900000E+01 4.42800000E+01 2.93300000E+01
  1 33 145 2.94700000E+01 4.42800000E+01 2.93000000E+01
  1 34 145 2.94400000E+01 4.42800000E+01 2.92800000E+01
  1 35 145 2.94200000E+01 4.42800000E+01 2.92500000E+01
  1 36 145 2.94000000E+01 4.42800000E+01 2.92300000E+01
  1 37 145 2.93700000E+01 4.42800000E+01 2.92000000E+01
  1 38 145 2.93500000E+01 4.42800000E+01 2.91800000E+01
  1 39 145 2.93300000E+01 4.42800000E+01 2.91500000E+01
  1 40 145 2.93100000E+01 4.42800000E+01 2.91300000E+01
  1 41 145 2.92800000E+01 4.42800000E+01 2.91000000E+01
  1 42 145 2.92600000E+01 4.42800000E+01 2.90800000E+01
  1 43 145 2.92400000E+01 4.42800000E+01 2.90500000E+01
  1 44 145 2.92100000E+01 4.42800000E+01 2.90300000E+01
  1 45 145 2.91900000E+01 4.42800000E+01 2.90000000E+01
  1 46 145 2.91700000E+01 4.42800000E+01 2.89800000E+01
  1 47 145 2.91500000E+01 4.42800000E+01 2.89500000E+01
  1 48 145 2.91200000E+01 4.42800000E+01 2.89300000E+01
  1 49 145 2.91000000E+01 4.42800000E+01 2.89000000E+01
  1 50 145 2.90800000E+01 4.42800000E+01 2.88800000E+01
  1 51 145 2.90600000E+01 4.42800000E+01 2.88500000E+01
  1 52 145 2.90400000E+01 4.42800000E+01 2.88300000E+01
  1 53 145 2.90100000E+01 4.42800000E+01 2.88000000E+01
  1 54 145 2.89900000E+01 4.42800000E+01 2.87800000E+01
  1 55 145 2.89700000E+01 4.42800000E+01 2.87500000E+01
  1 56 145 2.89500000E+01 4.42800000E+01 2.87300000E+01
  1 57 145 2.89200000E+01 4.42800000E+01 2.87000000E+01
  1 58 145 2.89000000E+01 4.42800000E+01 2.86800000E+01
  1 59 145 2.88800000E+01 4.42800000E+01 2.86500000E+01
  1 60 145 2.88600000E+01 4.42800000E+01 2.86300000E+01
  1 61 145 2.88300000E+01 4.42800000E+01 2.86000000E+01
  1 62 145 2.88100000E+01 4.42800000E+01 2.85800000E+01
  1 63 145 2.87900000E+01 4.42800000E+01 2.85500000E+01
  1 64 145 2.87600000E+01 4.42800000E+01 2.85300000E+01
  1 65 145 2.87400000E+01 4.42800000E+01 2.85000000E+01
  1 66 145 2.87200000E+01 4.42800000E+01 2.84800000E+01
  1 67 145 2.86900000E+01 4.42800000E+01 2.84500000E+01
  1 68 145 2.86700000E+01 4.42800000E+01 2.84300000E+01
  1 69 145 2.86500000E+01 4.42800000E+01 2.84000000E+01
  1 70 145 2.86300000E+01 4.42800000E+01 2.83800000E+01
  1 71 145 2.86000000E+01 4.42800000E+01 2.83500000E+01
  1 72 145 2.85800000E+01 4.42800000E+01 2.83300000E+01
  1 73 145 2.85600000E+01 4.42800000E+01 2.83000000E+01
  1 74 145 2.85300000E+01 4.42800000E+01 2.82800000E+01
  1 75 145 2.85100000E+01 4.42800000E+01 2.82500000E+01
  1 76 145 2.84900000E+01 4.42800000E+01 2.82300000E+01
  1 77 145 2.84600000E+01 4.42800000E+01 2.82000000E+01
  1 78 145 2.84400000E+01 4.42800000E+01 2.81800000E+01
  1 79 145 2.84200000E+01 4.42800000E+01 2.81500000E+01
  1 80 145 2.84000000E+01 4.42800000E+01 2.81300000E+01
  1 81 145 2.83700000E+01 4.42800000E+01 2.81000000E+01
  1 82 145 2.83500000E+01 4.42800000E+01 2.80800000E+01
  1 83 145 2.83300000E+01 4.42800000E+01 2.80500000E+01
  1 84 145 2.83000000E+01 4.42800000E+01 2.80300000E+01
  1 85 145 2.82800000E+01 4.42800000E+01 2.80000000E+01
  1 86 145 2.82600000E+01 4.42800000E+01 2.79800000E+01
  1 87 145 2.82400000E+01 4.42800000E+01 2.79500000E+01
  1 88 145 2.82100000E+01 4.42800000E+01 2.79300000E+01
  1 89 145 2.81900000E+01 4.42800000E+01 2.79000000E+01
  1 90 145 2.81700000E+01 4.42800000E+01 2.78800000E+01
  1 91 145 2.81500000E+01 4.42800000E+01 2.78500000E+01
  1 92 145 2.81300000E+01 4.42800000E+01 2.78300000E+01
  1 93 145 2.81000000E+01 4.42800000E+01 2.78000000E+01
  1 94 145 2.80800000E+01 4.42800000E+01 2.77800000E+01
  1 95 145 2.80600000E+01 4.42800000E+01 2.77500000E+01
  1 96 145 2.80400000E+01 4.42800000E+01 2.77300000E+01
  1 97 145 2.80100000E+01 4.42800000E+01 2.77000000E+01
  1 98 145 2.79900000E+01 4.42800000E+01 2.76800000E+01
  1 99 145 2.79700000E+01 4.42800000E+01 2.76500000E+01
  1 100 145 2.79500000E+01 4.42800000E+01 2.76300000E+01
  1 101 145 2.79200000E+01 4.42800000E+01 2.76000000E+01
  1 102 145 2.79000000E+01 4.42800000E+01 2.75800000E+01
  1 103 145 2.78800000E+01 4.42800000E+01 2.75500000E+01
  1 104 145 2.78500000E+01 4.42800000E+01 2.75300000E+01
  1 105 145 2.78300000E+01 4.42800000E+01 2.75000000E+01
  1 106 145 2.78100000E+01 4.42800000E+01 2.74800000E+01
  1 107 145 2.77800000E+01 4.42800000E+01 2.74500000E+01
  1 108 145 2.77600000E+01 4.42800000E+01 2.74300000E+01
  1 109 145 2.77400000E+01 4.42800000E+01 2.74000000E+01
  1 110 145 2.77200000E+01 4.42800000E+01 2.73800000E+01
  1 111 145 2.76900000E+01 4.42800000E+01 2.73500000E+01
  1 112 145 2.76700000E+01 4.42800000E+01 2.73300000E+01
  1 113 145 2.76500000E+01 4.42800000E+01 2.73000000E+01
  1 114 145 2.76200000E+01 4.42800000E+01 2.72800000E+01
  1 115 145 2.76000000E+01 4.42800000E+01 2.72500000E+01
  1 116 145 2.75800000E+01 4.42800000E+01 2.72300000E+01
  1 117 145 2.75600000E+01 4.42800000E+01 2.72000000E+01
  1 118 145 2.75300000E+01 4.42800000E+01 2.71800000E+01
  1 119 145 2.75100000E+01 4.42800000E+01 2.71500000E+01
  1 120 145 2.74900000E+01 4.42800000E+01 2.71300000E+01
  1 121 145 2.74700000E+01 4.42800000E+01 2.71000000E+01
  1 122 145 2.74500000E+01 4.42800000E+01 2.70800000E+01
  1 123 145 2.74200000E+01 4.42800000E+01 2.70500000E+01
  1 124 145 2.74000000E+01 4.42800000E+01 2.70300000E+01
  1 125 145 2.73800000E+01 4.42800000E+01 2.70000000E+01
  1 126 145 2.73600000E+01 4.42800000E+01 2.69800000E+01
  1 127 145 2.73300000E+01 4.42800000E+01 2.69500000E+01
  1 128 145 2.73100000E+01 4.42800000E+01 2.69300000E+01
  1 129 145 2.72900000E+01 4.42800000E+01 2.69000000E+01
  1 130 145 2.72700000E+01 4.42800000E+01 2.68800000E+01
  1 131 145 2.72400000E+01 4.42800000E+01 2.68500000E+01
  1 132 145 2.72200000E+01 4.42800000E+01 2.68300000E+01
  1 133 145 2.72000000E+01 4.42800000E+01 2.68000000E+01
  1 134 145 2.71700000E+01 4.42800000E+01 2.67800000E+01
  1 135 145 2.71500000E+01 4.42800000E+01 2.67500000E+01
  1 136 145 2.71300000E+01 4.42800000E+01 2.67300000E+01
  1 137 145 2.71000000E+01 4.42800000E+01 2.67000000E+01
  1 138 145 2.70800000E+01 4.42800000E+01 2.66800000E+01
  1 139 145 2.70600000E+01 4.42800000E+01 2.66500000E+01
  1 140 145 2.70400000E+01 4.42800000E+01 2.66300000E+01
  1 141 145 2.70100000E+01 4.42800000E+01 2.66000000E+01
  1 142 145 2.69900000E+01 4.42800000E+01 2.65800000E+01
  1 143 145 2.69700000E+01 4.42800000E+01 2.65500000E+01
  1 144 145 2.69400000E+01 4.42800000E+01 2.65300000E+01
  1 145 145 2.69200000E+01 4.42800000E+01 2.65000000E+01
  1 146 145 2.69000000E+01 4.42800000E+01 2.64800000E+01
  1 147 145 2.68800000E+01 4.42800000E+01 2.64500000E+01
  1 148 145 2.68500000E+01 4.42800000E+01 2.64300000E+01
  1 149 145 2.68300000E+01 4.42800000E+01 2.64000000E+01
  1 150 145 2.68100000E+01 4.42800000E+01 2.63800000E+01
  1 151 145 2.67900000E+01 4.42800000E+01 2.63500000E+01
  1 152 145 2.67700000E+01 4.42800000E+01 2.63300000E+01
  1 153 145 2.67400000E+01 4.42800000E+01 2.63000000E+01
  1 154 145 2.67200000E+01 4.42800000E+01 2.62800000E+01
  1 155 145 2.67000000E+01 4.42800000E+01 2.62500000E+01
  1 156 145 2.66800000E+01 4.42800000E+01 2.62300000E+01
  1 157 145 2.66500000E+01 4.42800000E+01 2.62000000E+01
  1 158 145 2.66300000E+01 4.42800000E+01 2.61800000E+01
  1 159 145 2.66100000E+01 4.42800000E+01 2.61500000E+01
  1 160 145 2.65900000E+01 4.42800000E+01 2.61300000E+01
  1 161 145 2.65600000E+01 4.42800000E+01 2.61000000E+01
  1 162 145 2.65400000E+01 4.42800000E+01 2.60800000E+01
  1 163 145 2.65200000E+01 4.42800000E+01 2.60500000E+01
  1 164 145 2.64900000E+01 4.42800000E+01 2.60300000E+01
  1 165 145 2.64700000E+01 4.42800000E+01 2.60000000E+01
  1 166 145 2.64500000E+01 4.42800000E+01 2.59800000E+01
  1 167 145 2.64200000E+01 4.42800000E+01 2.59500000E+01
  1 168 145 2.64000000E+01 4.42800000E+01 2.59300000E+01
  1 169 145 2.63800000E+01 4.42800000E+01 2.59000000E+01
  1 170 145 2.63600000E+01 4.42800000E+01 2.58800000E+01
  1 171 145 2.63300000E+01 4.42800000E+01 2.58500000E+01
  1 172 145 2.63100000E+01 4.42800000E+01 2.58300000E+01
  1 173 145 2.62900000E+01 4.42800000E+01 2.58000000E+01
  1 174 145 2.62600000E+01 4.42800000E+01 2.57800000E+01
  1 175 145 2.62400000E+01 4.42800000E+01 2.57500000E+01
  1 176 145 2.62200000E+01 4.42800000E+01 2.57300000E+01
  1 177 145 2.62000000E+01 4.42800000E+01 2.57000000E+01
  1 178 145 2.61700000E+01 4.42800000E+01 2.56800000E+01
  1 179 145 2.61500000E+01 4.42800000E+01 2.56500000E+01
  1 180 145 2.61300000E+01 4.42800000E+01 2.56300000E+01
  1 181 145 2.61100000E+01 4.42800000E+01 2.56000000E+01
  1 182 145 2.60900000E+01 4.42800000E+01 2.55800000E+01
  1 183 145 2.60600000E+01 4.42800000E+01 2.55500000E+01
  1 184 145 2.60400000E+01 4.42800000E+01 2.55300000E+01
  1 185 145 2.60200000E+01 4.42800000E+01 2.55000000E+01
  1 186 145 2.60000000E+01 4.42800000E+01 2.54800000E+01
  1 187 145 2.59700000E+01 4.42800000E+01 2.54500000E+01
  1 188 145 2.59500000E+01 4.42800000E+01 2.54300000E+01
  1 189 145 2.59300000E+01 4.42800000E+01 2.54000000E+01
  1 190 145 2.59100000E+01 4.42800000E+01 2.53800000E+01
  1 191 145 2.58800000E+01 4.42800000E+01 2.53500000E+01
  1 192 145 2.58600000E+01 4.42800000E+01 2.53300000E+01
  1 193 145 2.58400000E+01 4.42800000E+01 2.53000000E+01
  1 194 145 2.58100000E+01 4.42800000E+01 2.52800000E+01
  1 195 145 2.57900000E+01 4.42800000E+01 2.52500000E+01
  1 196 145 2.57700000E+01 4.42800000E+01 2.52300000E+01
  1 197 145 2.57400000E+01 4.42800000E+01 2.52000000E+01
  1 198 145 2.57200000E+01 4.42800000E+01 2.51800000E+01
  1 199 145 2.57000000E+01 4.42800000E+01 2.51500000E+01
  1 200 145 2.56800000E+01 4.42800000E+01 2.51300000E+01
  1 201 145 2.56500000E+01 4.42800000E+01 2.51000000E+01
  1 202 145 2.56300000E+01 4.42800000E+01 2.50800000E+01
  1 203 145 2.56100000E+01 4.42800000E+01 2.50500000E+01
  1 204 145 2.55800000E+01 4.42800000E+01 2.50300000E+01
  1 205 145 2.55600000E+01 4.42800000E+01 2.50000000E+01
  1 206 145 2.55400000E+01 4.42800000E+01 2.49800000E+01
  1 207 145 2.55100000E+01 4.42800000E+01 2.49500000E+01
  1 208 145 2.54900000E+01 4.42800000E+01 2.49300000E+01
  1 209 145 2.54700000E+01 4.42800000E+01 2.49000000E+01
  1 210 145 2.54500000E+01 4.42800000E+01 2.48800000E+01
  1 211 145 2.54200000E+01 4.42800000E+01 2.48500000E+01
  1 212 145 2.54000000E+01 4.42800000E+01 2.48300000E+01
  1 213 145 2.53800000E+01 4.42800000E+01 2.48000000E+01
  1 214 145 2.53500000E+01 4.42800000E+01 2.47800000E+01
  1 215 145 2.53300000E+01 4.42800000E+01 2.47500000E+01
  1 216 145 2.53100000E+01 4.42800000E+01 2.47300000E+01
  1 217 145 2.52900000E+01 4.42800000E+01 2.47000000E+01
  1 218 145 2.52600000E+01 4.42800000E+01 2.46800000E+01
  1 219 145 2.52400000E+01 4.42800000E+01 2.46500000E+01
  1 220 145 2.52200000E+01 4.42800000E+01 2.46300000E+01
  1 221 145 2.52000000E+01 4.42800000E+01 2.46000000E+01
  1 222 145 2.51800000E+01 4.42800000E+01 2.45800000E+01
  1 223 145 2.51500000E+01 4.42800000E+01 2.45500000E+01
  1 224 145 2.51300000E+01 4.42800000E+01 2.45300000E+01
  1 225 145 2.51100000E+01 4.42800000E+01 2.45000000E+01
  1 226 145 2.50900000E+01 4.42800000E+01 2.44800000E+01
  1 227 145 2.50600000E+01 4.42800000E+01 2.44500000E+01
  1 228 145 2.50400000E+01 4.42800000E+01 2.44300000E+01
  1 229 145 2.50200000E+01 4.42800000E+01 2.44000000E+01
  1 230 145 2.50000000E+01 4.42800000E+01 2.43800000E+01
  1 231 145 2.49700000E+01 4.42800000E+01 2.43500000E+01
  1 232 145 2.49500000E+01 4.42800000E+01 2.43300000E+01
  1 233 145 2.49300000E+01 4.42800000E+01 2.43000000E+01
  1 234 145 2.49000000E+01 4.42800000E+01 2.42800000E+01
  1 235 145 2.48800000E+01 4.42800000E+01 2.42500000E+01
  1 236 145 2.48600000E+01 4.42800000E+01 2.42300000E+01
  1 237 145 2.48300000E+01 4.42800000E+01 2.42000000E+01
  1 238 145 2.48100000E+01 4.42800000E+01 2.41800000E+01
  1 239 145 2.47900000E+01 4.42800000E+01 2.41500000E+01
  1 240 145 2.47700000E+01 4.42800000E+01 2.41300000E+01
  1 241 145 2.47400000E+01 4.42800000E+01 2.41000000E+01
  1 242 145 2.47200000E+01 4.42800000E+01 2.40800000E+01
  1 243 145 2.47000000E+01 4.42800000E+01 2.40500000E+01
  1 244 145 2.46700000E+01 4.42800000E+01 2.40300000E+01
  1 245 145 2.46500000E+01 4.42800000E+01 2.40000000E+01
  1 246 145 2.46300000E+01 4.42800000E+01 2.39800000E+01
  1 247 145 2.46100000E+01 4.42800000E+01 2.39500000E+01
  1 248 145 2.45800000E+01 4.42800000E+01 2.39300000E+01
  1 249 145 2.45600000E+01 4.42800000E+01 2.39000000E+01
  1 250 145 2.45400000E+01 4.42800000E+01 2.38800000E+01
  1 251 145 2.45200000E+01 4.42800000E+01 2.38500000E+01
  1 252 145 2.45000000E+01 4.42800000E+01 2.38300000E+01
  1 253 145 2.44700000E+01 4.42800000E+01 2.38000000E+01
  1 254 145 2.44500000E+01 4.42800000E+01 2.37800000E+01
  1 255 145 2.44300000E+01 4.42800000E+01 2.37500000E+01
  1 256 145 2.44100000E+01 4.42800000E+01 2.37300000E+01
  1 257 145 2.43800000E+01 4.42800000E+01 2.37000000E+01
  1 258 145 2.43600000E+01 4.42800000E+01 2.36800000E+01
  1 259 145 2.43400000E+01 4.42800000E+01 2.36500000E+01
  1 260 145 2.43200000E+01 4.42800000E+01 2.36300000E+01
  1 261 145 2.42900000E+01 4.42800000E+01 2.36000000E+01
  1 262 145 2.42700000E+01 4.42800000E+01 2.35800000E+01
  1 263 145 2.42500000E+01 4.42800000E+01 2.35500000E+01
  1 264 145 2.42200000E+01 4.42800000E+01 2.35300000E+01
  1 265 145 2.42000000E+01 4.42800000E+01 2.35000000E+01
  1 266 145 2.41800000E+01 4.42800000E+01 2.34800000E+01
  1 267 145 2.41500000E+01 4.42800000E+01 2.34500000E+01
  1 268 145 2.41300000E+01 4.42800000E+01 2.34300000E+01
  1 269 145 2.41100000E+01 4.42800000E+01 2.34000000E+01
  1 270 145 2.40900000E+01 4.42800000E+01 2.33800000E+01
  1 271 145 2.40600000E+01 4.42800000E+01 2.33500000E+01
  1 272 145 2.40400000E+01 4.42800000E+01 2.33300000E+01
  1 273 145 2.40200000E+01 4.42800000E+01 2.33000000E+01
  1 274 145 2.39900000E+01 4.42800000E+01 2.32800000E+01
  1 275 145 2.39700000E+01 4.42800000E+01 2.32500000E+01
  1 276 145 2.39500000E+01 4.42800000E+01 2.32300000E+01
  1 277 145 2.39300000E+01 4.42800000E+01 2.32000000E+01
  1 278 145 2.39000000E+01 4.42800000E+01 2.31800000E+01
  1 279 145 2.38800000E+01 4.42800000E+01 2.31500000E+01
  1 280 145 2.38600000E+01 4.42800000E+01 2.31300000E+01
  1 281 145 2.38400000E+01 4.42800000E+01 2.31000000E+01
  1 282 145 2.38200000E+01 4.42800000E+01 2.30800000E+01
  1 283 145 2.37900000E+01 4.42800000E+01 2.30500000E+01
  1 284 145 2.37700000E+01 4.42800000E+01 2.30300000E+01
  1 285 145 2.37500000E+01 4.42800000E+01 2.30000000E+01
  1 286 145 2.37300000E+01 4.42800000E+01 2.29800000E+01
  1 287 145 2.37000000E+01 4.42800000E+01 2.29500000E+01
  1 288 145 2.36800000E+01 4.42800000E+01 2.29300000E+01
  1 289 145 2.36600000E+01 4.42800000E+01 2.29000000E+01
  1 290 145 2.36400000E+01 4.42800000E+01 2.28800000E+01
  1 291 145 2.36100000E+01 4.42800000E+01 2.28500000E+01
  1 292 145 2.35900000E+01 4.42800000E+01 2.28300000E+01
  1 293 145 2.35700000E+01 4.42800000E+01 2.28000000E+01
  1 294 145 2.35400000E+01 4.42800000E+01 2.27800000E+01
  1 295 145 2.35200000E+01 4.42800000E+01 2.27500000E+01
  1 296 145 2.35000000E+01 4.42800000E+01 2.27300000E+01
  1 297 145 2.34700000E+01 4.42800000E+01 2.27000000E+01
  1 298 145 2.34500000E+01 4.42800000E+01 2.26800000E+01
  1 299 145 2.34300000E+01 4.42800000E+01 2.26500000E+01
  1 300 145 2.34100000E+01 4.42800000E+01 2.26300000E+01
  1 301 145 2.33800000E+01 4.42800000E+01 2.26000000E+01
  1 302 145 2.33600000E+01 4.42800000E+01 2.25800000E+01
  1 303 145 2.33400000E+01 4.42800000E+01 2.25500000E+01
  1 304 145 2.33100000E+01 4.42800000E+01 2.25300000E+01
  1 305 145 2.32900000E+01 4.42800000E+01 2.25000000E+01
  1 306 145 2.32700000E+01 4.42800000E+01 2.24800000E+01
  1 307 145 2.32500000E+01 4.42800000E+01 2.24500000E+01
  1 308 145 2.32200000E+01 4.42800000E+01 2.24300000E+01
  1 309 145 2.32000000E+01 4.42800000E+01 2.24000000E+01
  1 310 145 2.31800000E+01 4.42800000E+01 2.23800000E+01
  1 311 145 2.31600000E+01 4.42800000E+01 2.23500000E+01
  1 312 145 2.31400000E+01 4.42800000E+01 2.23300000E+01
  1 313 145 2.31100000E+01 4.42800000E+01 2.23000000E+01
  1 314 145 2.30900000E+01 4.42800000E+01 2.22800000E+01
  1 315 145 2.30700000E+01 4.42800000E+01 2.22500000E+01
  1 316 145 2.30500000E+01 4.42800000E+01 2.22300000E+01
  1 317 145 2.30200000E+01 4.42800000E+01 2.22000000E+01
  1 318 145 2.30000000E+01 4.42800000E+01 2.21800000E+01
  1 319 145 2.29800000E+01 4.42800000E+01 2.21500000E+01
  1 320 145 2.29600000E+01 4.42800000E+01 2.21300000E+01
  1 321 145 2.29300000E+01 4.42800000E+01 2.21000000E+01
  1 322 145 2.29100000E+01 4.42800000E+01 2.20800000E+01
  1 323 145 2.28900000E+01 4.42800000E+01 2.20500000E+01
  1 324 145 2.28600000E+01 4.42800000E+01 2.20300000E+01
  1 325 145 2.28400000E+01 4.42800000E+01 2.20000000E+01
  1 326 145 2.28200000E+01 4.42800000E+01 2.19800000E+01
  1 327 145 2.27900000E+01 4.42800000E+01 2.19500000E+01
  1 328 145 2.27700000E+01 4.42800000E+01 2.19300000E+01
  1 329 145 2.27500000E+01 4.42800000E+01 2.19000000E+01
  1 330 145 2.27300000E+01 4.42800000E+01 2.18800000E+01
  1 331 145 2.27000000E+01 4.42800000E+01 2.18500000E+01
  1 332 145 2.26800000E+01 4.42800000E+01 2.18300000E+01
  1 333 145 2.26600000E+01 4.42800000E+01 2.18000000E+01
  1 334 145 2.26300000E+01 4.42800000E+01 2.17800000E+01
  1 335 145 2.26100000E+01 4.42800000E+01 2.17500000E+01
  1 336 145 2.25900000E+01 4.42800000E+01 2.17300000E+01
  1 337 145 2.25600000E+01 4.42800000E+01 2.17000000E+01
  1 338 145 2.25400000E+01 4.42800000E+01 2.16800000E+01
  1 339 145 2.25200000E+01 4.42800000E+01 2.16500000E+01
  1 340 145 2.25000000E+01 4.42800000E+01 2.16300000E+01
  1 341 145 2.24700000E+01 4.42800000E+01 2.16000000E+01
  1 342 145 2.24500000E+01 4.42800000E+01 2.15800000E+01
  1 343 145 2.24300000E+01 4.42800000E+01 2.15500000E+01
  1 344 145 2.24000000E+01 4.42800000E+01 2.15300000E+01
  1 345 145 2.23800000E+01 4.42800000E+01 2.15000000E+01
  1 346 145 2.23600000E+01 4.42800000E+01 2.14800000E+01
  1 347 145 2.23400000E+01 4.42800000E+01 2.14500000E+01
  1 348 145 2.23100000E+01 4.42800000E+01 2.14300000E+01
  1 349 145 2.22900000E+01 4.42800000E+01 2.14000000E+01
  1 350 145 2.22700000E+01 4.42800000E+01 2.13800000E+01
  1 351 145 2.22500000E+01 4.42800000E+01 2.13500000E+01
  1 352 145 2.22300000E+01 4.42800000E+01 2.13300000E+01
  1 353 145 2.22000000E+01 4.42800000E+01 2.13000000E+01
  1 354 145 2.21800000E+01 4.42800000E+01 2.12800000E+01
  1 355 145 2.21600000E+01 4.42800000E+01 2.12500000E+01
  1 356 145 2.21400000E+01 4.42800000E+01 2.12300000E+01
  1 357 145 2.21100000E+01 4.42800000E+01 2.12000000E+01
  1 358 145 2.20900000E+01 4.42800000E+01 2.11800000E+01
  1 359 145 2.20700000E+01 4.42800000E+01 2.11500000E+01
  1 360 145 2.20500000E+01 4.42800000E+01 2.11300000E+01
  1 361 145 2.20200000E+01 4.42800000E+01 2.11000000E+01
  1 362 145 2.20000000E+01 4.42800000E+01 2.10800000E+01
  1 363 145 2.19800000E+01 4.42800000E+01 2.10500000E+01
  1 364 145 2.19500000E+01 4.42800000E+01 2.10300000E+01
  1 365 145 2.19300000E+01 4.42800000E+01 2.10000000E+01
  1 366 145 2.19100000E+01 4.42800000E+01 2.09800000E+01
  1 367 145 2.18800000E+01 4.42800000E+01 2.09500000E+01
  1 368 145 2.18600000E+01 4.42800000E+01 2.09300000E+01
  1 369 145 2.18400000E+01 4.42800000E+01 2.09000000E+01
  1 370 145 2.18200000E+01 4.42800000E+01 2.08800000E+01
  1 371 145 2.17900000E+01 4.42800000E+01 2.08500000E+01
  1 372 145 2.17700000E+01 4.42800000E+01 2.08300000E+01
  1 373 145 2.17500000E+01 4.42800000E+01 2.08000000E+01
  1 374 145 2.17200000E+01 4.42800000E+01 2.07800000E+01
  1 375 145 2.17000000E+01 4.42800000E+01 2.07500000E+01
  1 376 145 2.16800000E+01 4.42800000E+01 2.07300000E+01
  1 377 145 2.16600000E+01 4.42800000E+01 2.07000000E+01
  1 378 145 2.16300000E+01 4.42800000E+01 2.06800000E+01
  1 379 145 2.16100000E+01 4.42800000E+01 2.06500000E+01
  1 380 145 2.15900000E+01 4.42800000E+01 2.06300000E+01
  1 381 145 2.15700000E+01 4.42800000E+01 2.06000000E+01
  1 382 145 2.15500000E+01 4.42800000E+01 2.05800000E+01
  1 383 145 2.15200000E+01 4.42800000E+01 2.05500000E+01
  1 384 145 2.15000000E+01 4.42800000E+01 2.05300000E+01
  1 385 145 2.14800000E+01 4.42800000E+01 2.05000000E+01
  1 386 145 2.14600000E+01 4.42800000E+01 2.04800000E+01
  1 387 145 2.14500000E+01 4.42800000E+01 2.04700000E+01
  1 388 145 2.14300000E+01 4.42800000E+01 2.04500000E+01
  1 389 145 2.14200000E+01 4.42800000E+01 2.04300000E+01
  1 390 145 2.14000000E+01 4.42800000E+01 2.04200000E+01
  1 391 145 2.13900000E+01 4.42800000E+01 2.04000000E+01
  1 392 145 2.13700000E+01 4.42800000E+01 2.03800000E+01
  1 393 145 2.13600000E+01 4.42800000E+01 2.03700000E+01
  1 394 145 2.13400000E+01 4.42800000E+01 2.03500000E+01
  1 395 145 2.13300000E+01 4.42800000E+01 2.03300000E+01
  1 396 145 2.13100000E+01 4.42800000E+01 2.03200000E+01
  1 397 145 2.13000000E+01 4.42800000E+01 2.03000000E+01
  1 398 145 2.12800000E+01 4.42800000E+01 2.02800000E+01
  1 399 145 2.12700000E+01 4.42800000E+01 2.02700000E+01
  1 400 145 2.12500000E+01 4.42800000E+01 2.02500000E+01
